45
131 212
Act-0 4 6 91
Act-1 5 9 10
Act-2 5 6 35
Act-3 9 14 59
Act-4 2 20 73
Act-5 9 9 46
Act-6 5 9 76
Act-7 10 5 98
Act-8 6 3 52
Act-9 5 7 12
Act-10 8 2 49
Act-11 2 6 11
Act-12 1 20 28
Act-13 4 20 78
Act-14 2 2 40
Act-15 7 9 64
Act-16 5 8 59
Act-17 5 6 5
Act-18 7 13 94
Act-19 1 12 11
Act-20 5 4 34
Act-21 6 5 29
Act-22 1 10 49
Act-23 10 8 7
Act-24 7 18 47
Act-25 5 10 49
Act-26 8 5 59
Act-27 9 8 77
Act-28 10 2 38
Act-29 10 20 8
Act-30 2 7 7
Act-31 10 9 3
Act-32 8 12 72
Act-33 6 17 49
Act-34 9 3 72
Act-35 4 10 79
Act-36 5 17 91
Act-37 3 8 52
Act-38 10 10 72
Act-39 7 17 92
Act-40 7 6 90
Act-41 3 8 4
Act-42 7 4 9
Act-43 7 9 24
Act-44 2 11 31
