45
122 272
Act-0 2 8 96
Act-1 10 1 14
Act-2 1 7 2
Act-3 7 19 5
Act-4 8 8 37
Act-5 1 15 81
Act-6 2 9 43
Act-7 6 16 75
Act-8 7 3 5
Act-9 3 11 23
Act-10 4 7 12
Act-11 8 8 97
Act-12 1 15 95
Act-13 7 9 4
Act-14 4 16 96
Act-15 7 17 42
Act-16 1 18 50
Act-17 5 15 38
Act-18 9 12 23
Act-19 5 17 39
Act-20 9 17 33
Act-21 6 10 55
Act-22 7 19 43
Act-23 7 10 38
Act-24 8 20 20
Act-25 5 16 84
Act-26 5 4 66
Act-27 8 20 6
Act-28 6 14 45
Act-29 10 4 28
Act-30 5 18 66
Act-31 6 9 94
Act-32 3 7 3
Act-33 1 17 65
Act-34 3 13 24
Act-35 10 8 46
Act-36 4 5 19
Act-37 2 14 32
Act-38 6 14 65
Act-39 1 19 4
Act-40 10 5 25
Act-41 2 14 69
Act-42 5 14 36
Act-43 10 15 15
Act-44 7 7 18
