35
93 171
Act-0 4 9 89
Act-1 7 3 56
Act-2 2 15 39
Act-3 5 18 88
Act-4 6 12 95
Act-5 5 12 86
Act-6 1 2 13
Act-7 2 14 17
Act-8 2 15 57
Act-9 5 3 19
Act-10 7 17 13
Act-11 4 2 93
Act-12 5 14 10
Act-13 2 5 48
Act-14 10 9 80
Act-15 9 8 68
Act-16 2 2 8
Act-17 8 10 57
Act-18 8 16 71
Act-19 8 5 42
Act-20 6 16 25
Act-21 6 16 4
Act-22 4 18 1
Act-23 7 2 21
Act-24 4 5 28
Act-25 8 20 27
Act-26 1 5 19
Act-27 6 3 14
Act-28 8 7 49
Act-29 4 4 29
Act-30 8 12 35
Act-31 9 13 54
Act-32 5 4 17
Act-33 4 13 86
Act-34 5 13 89
