45
120 227
Act-0 8 19 40
Act-1 7 3 73
Act-2 6 18 80
Act-3 5 3 12
Act-4 2 15 30
Act-5 4 2 9
Act-6 10 5 37
Act-7 3 5 39
Act-8 2 13 13
Act-9 6 14 12
Act-10 9 2 31
Act-11 3 3 91
Act-12 6 16 92
Act-13 7 11 78
Act-14 3 13 49
Act-15 8 3 29
Act-16 8 7 99
Act-17 6 17 30
Act-18 5 7 25
Act-19 6 1 62
Act-20 9 13 92
Act-21 6 8 10
Act-22 9 14 40
Act-23 10 1 51
Act-24 4 8 31
Act-25 6 9 44
Act-26 6 15 66
Act-27 7 8 28
Act-28 5 20 88
Act-29 4 9 75
Act-30 1 20 12
Act-31 1 2 55
Act-32 2 2 87
Act-33 1 1 60
Act-34 1 2 29
Act-35 9 15 25
Act-36 2 16 65
Act-37 7 6 48
Act-38 10 20 27
Act-39 2 9 62
Act-40 1 20 59
Act-41 5 17 15
Act-42 10 17 89
Act-43 6 15 87
Act-44 2 11 42
