35
111 195
Act-0 10 15 10
Act-1 9 17 82
Act-2 4 5 77
Act-3 7 11 14
Act-4 8 3 94
Act-5 4 20 75
Act-6 10 4 94
Act-7 7 8 46
Act-8 9 8 2
Act-9 5 18 48
Act-10 5 9 31
Act-11 10 4 66
Act-12 1 20 20
Act-13 7 7 7
Act-14 6 8 25
Act-15 8 6 23
Act-16 1 1 57
Act-17 10 15 25
Act-18 10 19 11
Act-19 2 7 16
Act-20 8 17 67
Act-21 5 18 68
Act-22 1 7 80
Act-23 7 10 96
Act-24 3 14 58
Act-25 10 14 92
Act-26 2 8 79
Act-27 10 15 1
Act-28 7 4 68
Act-29 9 16 2
Act-30 6 12 60
Act-31 2 14 25
Act-32 9 13 19
Act-33 7 14 96
Act-34 4 9 91
