35
97 210
Act-0 8 4 25
Act-1 8 15 73
Act-2 8 18 63
Act-3 1 18 97
Act-4 7 10 17
Act-5 10 10 87
Act-6 2 3 37
Act-7 8 14 44
Act-8 2 9 25
Act-9 5 18 76
Act-10 10 16 87
Act-11 7 7 18
Act-12 7 6 97
Act-13 1 10 97
Act-14 8 17 32
Act-15 6 9 86
Act-16 4 7 62
Act-17 4 17 69
Act-18 4 6 37
Act-19 1 6 22
Act-20 7 20 24
Act-21 2 9 45
Act-22 4 17 7
Act-23 1 11 53
Act-24 4 14 97
Act-25 4 5 10
Act-26 6 12 51
Act-27 10 9 16
Act-28 9 15 8
Act-29 7 5 30
Act-30 9 20 38
Act-31 5 12 38
Act-32 7 13 82
Act-33 7 20 11
Act-34 2 18 32
