45
116 231
Act-0 2 3 8
Act-1 10 11 56
Act-2 1 19 89
Act-3 8 19 6
Act-4 9 19 26
Act-5 8 20 8
Act-6 5 5 59
Act-7 1 15 52
Act-8 3 18 55
Act-9 9 3 39
Act-10 7 7 3
Act-11 8 9 13
Act-12 7 13 45
Act-13 7 15 74
Act-14 10 13 65
Act-15 1 19 90
Act-16 2 3 11
Act-17 6 20 83
Act-18 4 8 78
Act-19 10 8 95
Act-20 5 3 24
Act-21 9 7 57
Act-22 10 3 83
Act-23 1 1 30
Act-24 10 11 95
Act-25 2 11 46
Act-26 2 5 95
Act-27 9 10 59
Act-28 6 5 43
Act-29 5 4 8
Act-30 8 12 33
Act-31 3 10 74
Act-32 6 7 18
Act-33 1 17 55
Act-34 1 6 67
Act-35 3 15 94
Act-36 7 9 16
Act-37 4 10 95
Act-38 2 1 75
Act-39 1 15 35
Act-40 10 1 86
Act-41 3 15 66
Act-42 2 15 94
Act-43 1 11 45
Act-44 4 11 89
