35
106 171
Act-0 8 3 27
Act-1 10 16 67
Act-2 10 9 52
Act-3 7 3 76
Act-4 8 14 66
Act-5 9 18 64
Act-6 1 16 2
Act-7 5 17 12
Act-8 6 9 54
Act-9 1 10 82
Act-10 6 13 71
Act-11 8 14 44
Act-12 10 8 16
Act-13 10 8 89
Act-14 5 6 22
Act-15 9 19 23
Act-16 1 8 27
Act-17 1 6 68
Act-18 2 5 88
Act-19 2 20 43
Act-20 9 18 85
Act-21 4 7 61
Act-22 5 3 3
Act-23 8 12 63
Act-24 5 8 98
Act-25 8 12 30
Act-26 9 1 69
Act-27 6 1 40
Act-28 4 12 88
Act-29 5 15 91
Act-30 1 7 8
Act-31 10 1 53
Act-32 8 5 26
Act-33 7 13 20
Act-34 4 6 22
