35
97 195
Act-0 1 2 87
Act-1 3 13 39
Act-2 6 6 91
Act-3 4 12 48
Act-4 6 20 42
Act-5 4 14 82
Act-6 7 8 48
Act-7 5 2 100
Act-8 10 14 47
Act-9 6 8 44
Act-10 7 12 2
Act-11 3 6 75
Act-12 10 4 71
Act-13 6 20 85
Act-14 6 20 34
Act-15 3 5 67
Act-16 1 2 100
Act-17 9 1 40
Act-18 5 8 48
Act-19 8 8 53
Act-20 4 20 50
Act-21 4 1 86
Act-22 4 18 73
Act-23 8 17 83
Act-24 5 10 15
Act-25 2 15 91
Act-26 10 3 1
Act-27 6 8 56
Act-28 7 17 24
Act-29 3 8 99
Act-30 8 19 30
Act-31 5 16 4
Act-32 6 15 81
Act-33 2 19 47
Act-34 10 19 75
