45
130 209
Act-0 9 10 22
Act-1 3 20 21
Act-2 1 7 52
Act-3 7 11 24
Act-4 2 6 40
Act-5 3 5 88
Act-6 9 11 31
Act-7 2 6 42
Act-8 10 5 98
Act-9 7 19 31
Act-10 3 9 82
Act-11 10 7 100
Act-12 2 8 11
Act-13 4 5 90
Act-14 10 2 70
Act-15 2 1 72
Act-16 10 9 88
Act-17 4 18 13
Act-18 10 15 87
Act-19 1 6 90
Act-20 7 18 71
Act-21 7 2 51
Act-22 2 6 9
Act-23 8 5 98
Act-24 6 6 25
Act-25 5 19 33
Act-26 9 11 15
Act-27 2 5 84
Act-28 6 5 36
Act-29 10 3 86
Act-30 8 1 74
Act-31 3 5 3
Act-32 6 17 40
Act-33 10 20 57
Act-34 8 4 39
Act-35 10 14 17
Act-36 6 3 71
Act-37 2 9 97
Act-38 3 19 100
Act-39 3 20 71
Act-40 3 5 44
Act-41 1 13 65
Act-42 6 14 66
Act-43 10 9 54
Act-44 10 6 45
