35
93 192
Act-0 6 2 88
Act-1 5 20 82
Act-2 4 7 43
Act-3 8 20 27
Act-4 9 5 41
Act-5 7 7 58
Act-6 4 16 25
Act-7 7 12 18
Act-8 2 3 56
Act-9 7 9 14
Act-10 3 14 65
Act-11 8 9 44
Act-12 2 16 21
Act-13 7 16 34
Act-14 3 20 62
Act-15 10 4 2
Act-16 6 8 49
Act-17 5 2 64
Act-18 2 11 74
Act-19 7 8 52
Act-20 1 19 35
Act-21 6 8 26
Act-22 5 16 75
Act-23 8 17 77
Act-24 5 2 16
Act-25 5 15 24
Act-26 3 19 32
Act-27 9 2 27
Act-28 6 20 80
Act-29 3 12 86
Act-30 4 17 36
Act-31 8 1 3
Act-32 3 6 68
Act-33 1 7 25
Act-34 7 14 25
