50
138 238
Act-0 9 10 73
Act-1 3 18 96
Act-2 10 3 49
Act-3 7 9 97
Act-4 10 13 20
Act-5 8 4 40
Act-6 3 15 60
Act-7 2 5 25
Act-8 2 20 19
Act-9 4 8 62
Act-10 5 16 46
Act-11 9 8 55
Act-12 6 12 57
Act-13 1 7 42
Act-14 9 4 81
Act-15 3 19 31
Act-16 5 14 4
Act-17 10 7 81
Act-18 8 18 3
Act-19 6 6 69
Act-20 6 8 49
Act-21 7 3 22
Act-22 1 5 74
Act-23 9 18 77
Act-24 7 9 72
Act-25 7 13 73
Act-26 4 15 51
Act-27 10 2 34
Act-28 6 18 95
Act-29 1 1 18
Act-30 3 14 43
Act-31 5 1 18
Act-32 5 13 50
Act-33 5 1 77
Act-34 1 7 22
Act-35 10 6 98
Act-36 4 10 58
Act-37 7 5 12
Act-38 2 9 13
Act-39 7 2 32
Act-40 3 16 76
Act-41 8 16 2
Act-42 3 20 21
Act-43 5 2 97
Act-44 10 11 14
Act-45 1 2 73
Act-46 7 4 63
Act-47 1 20 95
Act-48 8 7 78
Act-49 3 2 40
