35
93 178
Act-0 3 7 94
Act-1 6 9 91
Act-2 6 13 46
Act-3 6 7 62
Act-4 8 14 77
Act-5 4 2 54
Act-6 5 18 53
Act-7 1 13 67
Act-8 7 18 59
Act-9 9 17 31
Act-10 3 7 75
Act-11 2 16 23
Act-12 2 7 100
Act-13 4 18 77
Act-14 4 18 87
Act-15 10 1 91
Act-16 5 5 32
Act-17 10 2 46
Act-18 10 3 89
Act-19 9 11 56
Act-20 8 4 64
Act-21 7 4 69
Act-22 2 13 89
Act-23 2 2 54
Act-24 7 8 50
Act-25 6 11 61
Act-26 5 6 19
Act-27 3 19 52
Act-28 10 7 100
Act-29 9 7 13
Act-30 2 10 63
Act-31 4 9 72
Act-32 5 20 62
Act-33 2 18 41
Act-34 1 13 19
