35
89 199
Act-0 3 3 83
Act-1 9 14 16
Act-2 4 18 61
Act-3 2 16 98
Act-4 8 3 84
Act-5 2 12 47
Act-6 4 9 81
Act-7 7 10 3
Act-8 5 9 89
Act-9 2 16 32
Act-10 1 15 13
Act-11 8 5 66
Act-12 4 6 90
Act-13 1 12 70
Act-14 1 5 1
Act-15 6 16 71
Act-16 4 16 43
Act-17 5 9 51
Act-18 5 13 7
Act-19 7 18 58
Act-20 5 13 92
Act-21 1 7 6
Act-22 7 13 96
Act-23 9 8 6
Act-24 6 16 29
Act-25 10 18 20
Act-26 7 8 15
Act-27 1 11 53
Act-28 6 16 76
Act-29 2 12 100
Act-30 4 2 60
Act-31 10 9 95
Act-32 10 2 12
Act-33 6 20 9
Act-34 6 19 42
