35
90 179
Act-0 1 11 9
Act-1 2 20 71
Act-2 10 8 81
Act-3 5 5 11
Act-4 8 19 46
Act-5 4 3 88
Act-6 1 20 18
Act-7 6 7 3
Act-8 7 10 94
Act-9 8 6 32
Act-10 1 9 29
Act-11 1 8 31
Act-12 2 11 8
Act-13 9 3 13
Act-14 10 15 1
Act-15 10 9 74
Act-16 10 10 1
Act-17 8 4 21
Act-18 1 1 53
Act-19 2 12 69
Act-20 5 3 84
Act-21 1 8 63
Act-22 10 12 95
Act-23 4 7 48
Act-24 10 1 55
Act-25 9 13 22
Act-26 2 20 4
Act-27 1 8 51
Act-28 2 1 34
Act-29 3 18 42
Act-30 8 5 88
Act-31 2 16 93
Act-32 5 20 13
Act-33 4 20 71
Act-34 8 16 82
