45
134 241
Act-0 6 18 25
Act-1 9 16 5
Act-2 5 14 47
Act-3 9 5 19
Act-4 4 3 16
Act-5 10 3 9
Act-6 1 19 71
Act-7 10 3 43
Act-8 9 15 20
Act-9 5 20 9
Act-10 2 15 72
Act-11 7 16 60
Act-12 6 14 44
Act-13 10 6 18
Act-14 8 20 14
Act-15 4 4 4
Act-16 7 12 98
Act-17 9 6 59
Act-18 3 15 7
Act-19 10 6 42
Act-20 10 3 90
Act-21 1 14 29
Act-22 7 11 45
Act-23 5 2 8
Act-24 9 20 27
Act-25 6 16 34
Act-26 3 19 1
Act-27 10 1 62
Act-28 9 17 41
Act-29 2 5 96
Act-30 2 1 48
Act-31 1 6 54
Act-32 3 10 82
Act-33 6 2 59
Act-34 3 7 87
Act-35 5 12 28
Act-36 7 10 41
Act-37 3 18 30
Act-38 2 16 71
Act-39 10 1 96
Act-40 1 17 54
Act-41 7 7 32
Act-42 9 20 47
Act-43 10 14 82
Act-44 3 3 65
