45
134 230
Act-0 7 1 1
Act-1 10 5 31
Act-2 9 11 39
Act-3 9 20 85
Act-4 6 6 8
Act-5 8 17 25
Act-6 1 19 28
Act-7 9 14 1
Act-8 7 1 11
Act-9 9 19 52
Act-10 6 19 80
Act-11 8 16 30
Act-12 3 1 35
Act-13 10 5 84
Act-14 2 13 27
Act-15 3 3 22
Act-16 8 5 20
Act-17 1 8 8
Act-18 4 14 10
Act-19 1 11 97
Act-20 5 9 52
Act-21 10 16 10
Act-22 9 16 86
Act-23 6 15 25
Act-24 8 12 85
Act-25 7 13 45
Act-26 7 5 53
Act-27 3 7 35
Act-28 10 1 4
Act-29 7 8 57
Act-30 8 16 27
Act-31 10 18 21
Act-32 4 13 10
Act-33 4 4 34
Act-34 4 8 30
Act-35 4 12 82
Act-36 5 8 27
Act-37 7 6 4
Act-38 4 15 56
Act-39 1 12 98
Act-40 9 13 83
Act-41 1 3 33
Act-42 3 3 49
Act-43 10 5 98
Act-44 2 14 33
