45
122 251
Act-0 6 19 9
Act-1 5 11 82
Act-2 5 5 44
Act-3 6 5 69
Act-4 5 4 73
Act-5 6 17 97
Act-6 10 11 84
Act-7 4 19 66
Act-8 3 17 90
Act-9 7 7 93
Act-10 7 7 38
Act-11 8 1 75
Act-12 1 13 9
Act-13 2 14 20
Act-14 6 9 66
Act-15 2 15 10
Act-16 9 17 8
Act-17 6 2 32
Act-18 2 18 65
Act-19 8 15 65
Act-20 4 5 46
Act-21 1 15 37
Act-22 1 14 52
Act-23 5 2 100
Act-24 2 2 29
Act-25 9 12 69
Act-26 9 3 89
Act-27 8 19 74
Act-28 8 7 27
Act-29 10 17 18
Act-30 9 16 32
Act-31 7 11 53
Act-32 3 19 56
Act-33 5 13 30
Act-34 1 14 37
Act-35 10 20 26
Act-36 6 9 64
Act-37 4 8 9
Act-38 4 12 72
Act-39 3 12 69
Act-40 6 12 47
Act-41 5 14 39
Act-42 3 3 67
Act-43 5 9 81
Act-44 9 8 76
