45
120 232
Act-0 4 17 38
Act-1 9 17 51
Act-2 7 18 80
Act-3 7 3 93
Act-4 5 13 43
Act-5 3 2 75
Act-6 2 8 16
Act-7 4 9 15
Act-8 3 13 13
Act-9 4 8 20
Act-10 10 14 46
Act-11 10 13 92
Act-12 8 11 29
Act-13 2 13 49
Act-14 8 19 29
Act-15 1 20 2
Act-16 8 1 33
Act-17 7 12 2
Act-18 6 6 82
Act-19 3 20 91
Act-20 3 1 90
Act-21 5 1 52
Act-22 7 16 1
Act-23 4 6 18
Act-24 2 2 12
Act-25 8 20 42
Act-26 2 16 54
Act-27 2 12 10
Act-28 9 12 65
Act-29 1 8 9
Act-30 7 17 83
Act-31 7 11 28
Act-32 4 12 42
Act-33 8 7 57
Act-34 10 8 77
Act-35 10 3 11
Act-36 6 6 2
Act-37 7 6 47
Act-38 1 14 34
Act-39 10 5 21
Act-40 1 17 89
Act-41 8 9 55
Act-42 2 9 60
Act-43 1 6 25
Act-44 4 4 59
