45
132 222
Act-0 8 9 73
Act-1 7 8 37
Act-2 9 1 99
Act-3 6 4 49
Act-4 7 1 26
Act-5 4 12 97
Act-6 10 19 1
Act-7 5 18 9
Act-8 2 1 88
Act-9 5 15 8
Act-10 7 6 69
Act-11 3 12 65
Act-12 1 11 100
Act-13 1 18 36
Act-14 6 14 96
Act-15 1 17 59
Act-16 3 2 9
Act-17 7 15 9
Act-18 7 6 72
Act-19 5 9 21
Act-20 10 13 6
Act-21 5 13 56
Act-22 9 9 80
Act-23 10 15 80
Act-24 2 2 44
Act-25 5 13 21
Act-26 1 6 100
Act-27 6 10 14
Act-28 4 5 18
Act-29 9 9 59
Act-30 9 1 57
Act-31 5 11 69
Act-32 3 4 5
Act-33 2 8 44
Act-34 3 12 22
Act-35 10 9 85
Act-36 3 16 28
Act-37 8 15 30
Act-38 10 13 8
Act-39 8 18 61
Act-40 10 18 13
Act-41 4 4 51
Act-42 8 20 80
Act-43 7 2 75
Act-44 9 1 26
