35
106 163
Act-0 3 9 74
Act-1 1 4 21
Act-2 10 9 10
Act-3 10 8 41
Act-4 9 13 36
Act-5 8 19 37
Act-6 1 2 16
Act-7 9 1 24
Act-8 10 9 8
Act-9 9 12 90
Act-10 5 6 93
Act-11 5 20 82
Act-12 5 1 54
Act-13 6 9 96
Act-14 3 13 88
Act-15 5 6 91
Act-16 10 14 64
Act-17 9 14 62
Act-18 4 7 36
Act-19 5 7 32
Act-20 10 5 23
Act-21 9 7 45
Act-22 4 9 79
Act-23 1 3 90
Act-24 6 20 65
Act-25 9 8 34
Act-26 8 14 68
Act-27 8 6 3
Act-28 5 19 53
Act-29 4 3 35
Act-30 5 7 13
Act-31 1 7 55
Act-32 5 5 22
Act-33 5 19 38
Act-34 6 11 98
